0 0.234375 0.7585937500000001 0.028125 0.0234375
0 0.6101562500000001 0.62109375 0.026562500000000003 0.0203125
0 0.6703125000000001 0.61875 0.021875000000000002 0.021875000000000002
0 0.62265625 0.6804687500000001 0.026562500000000003 0.0234375
0 0.76484375 0.9203125000000001 0.0171875 0.034375
0 0.8921875 0.8625 0.021875000000000002 0.03125
0 0.375 0.32656250000000003 0.025 0.015625
0 0.55859375 0.2171875 0.0484375 0.021875000000000002
0 0.83984375 0.390625 0.0328125 0.028125
0 0.20859375000000002 0.1640625 0.029687500000000002 0.021875000000000002
0 0.15156250000000002 0.25859375 0.05 0.0171875
0 0.06953125 0.32890625 0.026562500000000003 0.0203125
