0 0.9343750000000001 0.9656250000000001 0.021875000000000002 0.015625
0 0.6765625000000001 0.039843750000000004 0.021875000000000002 0.0140625
0 0.5734375 0.18906250000000002 0.028125 0.015625
0 0.7312500000000001 0.23046875 0.021875000000000002 0.0140625
0 0.95703125 0.08359375000000001 0.0390625 0.0171875
0 0.78125 0.10546875 0.015625 0.0078125
0 0.88984375 0.1796875 0.0203125 0.015625
0 0.909375 0.28203125 0.03125 0.0140625
0 0.784375 0.33906250000000004 0.03125 0.018750000000000003
0 0.42421875000000003 0.23671875 0.0203125 0.010937500000000001
0 0.4234375 0.34296875000000004 0.021875000000000002 0.010937500000000001
0 0.53671875 0.43515625 0.0234375 0.0078125
0 0.31093750000000003 0.19609375 0.025 0.0140625
0 0.28125 0.0625 0.025 0.015625
0 0.178125 0.060937500000000006 0.021875000000000002 0.0125
0 0.1859375 0.13203125000000002 0.025 0.0140625
0 0.0859375 0.0921875 0.028125 0.015625
0 0.203125 0.23515625 0.021875000000000002 0.0140625
