0 0.03125 0.878125 0.015625 0.025
0 0.4296875 0.68515625 0.025 0.0234375
0 0.5710937500000001 0.9046875000000001 0.0234375 0.021875000000000002
0 0.6531250000000001 0.8609375 0.03125 0.018750000000000003
0 0.759375 0.8109375000000001 0.028125 0.03125
0 0.8375 0.72265625 0.021875000000000002 0.0234375
0 0.87265625 0.67109375 0.026562500000000003 0.0234375
0 0.23671875 0.05234375 0.029687500000000002 0.0171875
0 0.87109375 0.19843750000000002 0.0203125 0.018750000000000003
0 0.79453125 0.35078125000000004 0.0203125 0.035937500000000004
0 0.8296875 0.484375 0.018750000000000003 0.037500000000000006
