0 0.28359375000000003 0.4296875 0.0171875 0.025
0 0.46171875 0.27890625 0.0140625 0.0234375
0 0.5078125 0.47265625 0.018750000000000003 0.026562500000000003
0 0.696875 0.45937500000000003 0.0125 0.021875000000000002
0 0.9109375000000001 0.453125 0.0125 0.018750000000000003
0 0.42578125 0.7210937500000001 0.0140625 0.0203125
0 0.7585937500000001 0.7132812500000001 0.0171875 0.0203125
0 0.59296875 0.8265625000000001 0.0140625 0.025
0 0.7140625 0.83359375 0.009375000000000001 0.0171875
0 0.8390625 0.8718750000000001 0.021875000000000002 0.028125
0 0.9484375 0.8125 0.009375000000000001 0.0125
0 0.9539062500000001 0.925 0.0140625 0.015625
