0 0.11171875 0.27578125000000003 0.010937500000000001 0.0140625
0 0.30312500000000003 0.24375000000000002 0.009375000000000001 0.018750000000000003
0 0.35234375 0.42890625000000004 0.0203125 0.0234375
0 0.12187500000000001 0.46171875 0.015625 0.0234375
0 0.16640625 0.6578125 0.029687500000000002 0.0125
0 0.0421875 0.69921875 0.053125000000000006 0.0203125
0 0.36640625000000004 0.57578125 0.0171875 0.029687500000000002
0 0.48125 0.48359375000000004 0.0125 0.0234375
0 0.48203125 0.234375 0.0171875 0.03125
0 0.5554687500000001 0.39453125 0.0234375 0.026562500000000003
0 0.6984375 0.35000000000000003 0.025 0.028125
0 0.671875 0.49453125000000003 0.009375000000000001 0.0171875
0 0.584375 0.5945312500000001 0.0125 0.026562500000000003
0 0.6101562500000001 0.18984375 0.0140625 0.026562500000000003
0 0.74375 0.21484375 0.018750000000000003 0.0234375
0 0.94296875 0.2484375 0.0140625 0.018750000000000003
0 0.9554687500000001 0.37734375000000003 0.0140625 0.0203125
0 0.82578125 0.45937500000000003 0.0203125 0.03125
0 0.7835937500000001 0.56953125 0.010937500000000001 0.026562500000000003
0 0.6429687500000001 0.6515625 0.035937500000000004 0.018750000000000003
0 0.55234375 0.68515625 0.0390625 0.0171875
0 0.22265625 0.08203125 0.0140625 0.0234375
0 0.54609375 0.047656250000000004 0.0203125 0.0203125
0 0.8914062500000001 0.09531250000000001 0.0140625 0.025
0 0.33906250000000004 0.85703125 0.025 0.010937500000000001
