0 0.26484375 0.259375 0.0203125 0.034375
0 0.52578125 0.24609375 0.0203125 0.035937500000000004
0 0.43515625 0.4078125 0.0171875 0.03125
0 0.33046875000000003 0.55078125 0.0234375 0.035937500000000004
0 0.8031250000000001 0.40937500000000004 0.025 0.028125
0 0.503125 0.74609375 0.028125 0.026562500000000003
0 0.7039062500000001 0.6960937500000001 0.0140625 0.0203125
0 0.9171875 0.6820312500000001 0.015625 0.0234375
0 0.278125 0.98046875 0.0125 0.026562500000000003
0 0.67890625 0.9382812500000001 0.0234375 0.029687500000000002
0 0.84765625 0.790625 0.0421875 0.0125
0 0.8234375 0.828125 0.03125 0.0125
0 0.36953125000000003 0.0546875 0.0171875 0.028125
0 0.64609375 0.06484375 0.026562500000000003 0.0234375
0 0.7890625 0.1015625 0.0125 0.0125
0 0.13359375 0.11406250000000001 0.0171875 0.025
