0 0.05078125 0.48203125 0.010937500000000001 0.010937500000000001
0 0.140625 0.6179687500000001 0.009375000000000001 0.0171875
0 0.15781250000000002 0.7312500000000001 0.0125 0.018750000000000003
0 0.26015625000000003 0.66953125 0.010937500000000001 0.0203125
0 0.4234375 0.63671875 0.00625 0.0171875
0 0.35625 0.55625 0.0125 0.018750000000000003
0 0.44453125000000004 0.6648437500000001 0.0078125 0.0140625
0 0.4921875 0.84765625 0.015625 0.026562500000000003
0 0.31796875 0.7828125 0.010937500000000001 0.015625
0 0.18828125 0.8562500000000001 0.010937500000000001 0.015625
0 0.253125 0.95234375 0.018750000000000003 0.0234375
0 0.36875 0.9242187500000001 0.009375000000000001 0.0140625
0 0.0703125 0.7578125 0.015625 0.021875000000000002
0 0.63671875 0.56953125 0.0203125 0.026562500000000003
0 0.6781250000000001 0.78046875 0.0125 0.0234375
0 0.675 0.884375 0.0125 0.028125
0 0.7820312500000001 0.96796875 0.010937500000000001 0.0171875
0 0.7718750000000001 0.496875 0.0125 0.015625
0 0.8078125 0.65234375 0.009375000000000001 0.0140625
0 0.9109375000000001 0.77890625 0.015625 0.026562500000000003
0 0.13828125 0.98046875 0.0140625 0.0140625
0 0.51875 0.9890625000000001 0.0125 0.015625
0 0.02890625 0.97265625 0.0140625 0.0234375
0 0.3140625 0.022656250000000003 0.009375000000000001 0.0234375
0 0.23203125000000002 0.20546875 0.0140625 0.0203125
0 0.153125 0.29453125 0.0125 0.0171875
0 0.2234375 0.43359375 0.00625 0.0140625
0 0.39375000000000004 0.33828125000000003 0.015625 0.0171875
0 0.37890625 0.15546875000000002 0.010937500000000001 0.0234375
0 0.6039062500000001 0.21406250000000002 0.0140625 0.025
0 0.7796875000000001 0.13359375 0.0125 0.0234375
0 0.8359375 0.30859375 0.018750000000000003 0.010937500000000001
0 0.81171875 0.36953125000000003 0.0140625 0.0171875
0 0.043750000000000004 0.05859375 0.009375000000000001 0.0234375
0 0.0234375 0.32656250000000003 0.009375000000000001 0.018750000000000003
0 0.7171875000000001 0.01015625 0.009375000000000001 0.0078125
0 0.921875 0.20546875 0.009375000000000001 0.0234375
