0 0.25546875 0.44140625 0.0171875 0.029687500000000002
0 0.36250000000000004 0.31484375000000003 0.021875000000000002 0.0234375
0 0.56953125 0.2484375 0.010937500000000001 0.03125
0 0.58984375 0.50234375 0.0203125 0.029687500000000002
0 0.35468750000000004 0.6335937500000001 0.009375000000000001 0.0203125
0 0.11484375000000001 0.7078125000000001 0.0140625 0.021875000000000002
0 0.8859375 0.33203125 0.025 0.0390625
0 0.0734375 0.48828125 0.015625 0.026562500000000003
0 0.1015625 0.11015625000000001 0.015625 0.029687500000000002
0 0.47890625000000003 0.0625 0.0140625 0.037500000000000006
0 0.23750000000000002 0.890625 0.0125 0.021875000000000002
0 0.40546875000000004 0.9695312500000001 0.0171875 0.0234375
0 0.5375 0.8070312500000001 0.015625 0.0234375
0 0.6328125 0.9234375 0.015625 0.03125
0 0.66171875 0.9617187500000001 0.0140625 0.0234375
0 0.93125 0.8265625000000001 0.025 0.040625
