0 0.10859375 0.66328125 0.0171875 0.029687500000000002
0 0.2828125 0.56875 0.015625 0.025
0 0.33828125000000003 0.4078125 0.0171875 0.025
0 0.36640625000000004 0.3296875 0.0234375 0.018750000000000003
0 0.06796875000000001 0.20859375000000002 0.0171875 0.0328125
0 0.47734375 0.19921875 0.0140625 0.0234375
0 0.6101562500000001 0.3953125 0.0203125 0.037500000000000006
0 0.82421875 0.27109375 0.0140625 0.0328125
0 0.6296875000000001 0.6609375000000001 0.018750000000000003 0.021875000000000002
0 0.328125 0.77109375 0.015625 0.0234375
0 0.29296875 0.10703125000000001 0.0203125 0.029687500000000002
0 0.16562500000000002 0.93359375 0.0125 0.029687500000000002
0 0.45937500000000003 0.93515625 0.018750000000000003 0.035937500000000004
0 0.984375 0.76328125 0.015625 0.029687500000000002
