0 0.15234375 0.68671875 0.0171875 0.035937500000000004
0 0.3671875 0.53828125 0.0125 0.0203125
0 0.4140625 0.665625 0.009375000000000001 0.015625
0 0.52109375 0.6937500000000001 0.0140625 0.021875000000000002
0 0.6781250000000001 0.6976562500000001 0.009375000000000001 0.0140625
0 0.6734375 0.5875 0.009375000000000001 0.0125
0 0.71796875 0.48125 0.010937500000000001 0.021875000000000002
0 0.48828125 0.40859375000000003 0.0078125 0.0171875
0 0.4546875 0.2859375 0.0125 0.0125
0 0.33984375 0.178125 0.010937500000000001 0.0125
0 0.171875 0.2609375 0.015625 0.025
0 0.29609375 0.3453125 0.010937500000000001 0.0125
0 0.9640625 0.5734375 0.009375000000000001 0.015625
0 0.878125 0.19453125000000002 0.009375000000000001 0.0203125
0 0.9187500000000001 0.23671875 0.009375000000000001 0.0171875
0 0.9382812500000001 0.37421875000000004 0.0078125 0.0171875
0 0.6312500000000001 0.2484375 0.0125 0.018750000000000003
0 0.4390625 0.0734375 0.0125 0.034375
0 0.6062500000000001 0.11015625000000001 0.0125 0.0203125
0 0.7039062500000001 0.039843750000000004 0.0078125 0.0171875
0 0.8765625 0.057031250000000006 0.0125 0.0171875
0 0.3640625 0.8765625 0.0125 0.018750000000000003
0 0.6578125 0.8859375 0.0125 0.025
