0 0.028125 0.4140625 0.015625 0.021875000000000002
0 0.02109375 0.5859375 0.0140625 0.0125
0 0.0921875 0.5828125000000001 0.015625 0.018750000000000003
0 0.043750000000000004 0.81015625 0.021875000000000002 0.0203125
0 0.215625 0.7390625000000001 0.018750000000000003 0.021875000000000002
0 0.15234375 0.8890625000000001 0.0171875 0.018750000000000003
0 0.35234375 0.7578125 0.0140625 0.015625
0 0.26640625 0.58515625 0.0171875 0.0140625
0 0.16640625 0.45078125 0.0171875 0.0203125
0 0.33671875 0.4140625 0.0203125 0.018750000000000003
0 0.44296875 0.5437500000000001 0.0171875 0.015625
0 0.5265625 0.48203125 0.021875000000000002 0.0171875
0 0.671875 0.60859375 0.018750000000000003 0.0171875
0 0.7265625 0.478125 0.015625 0.015625
0 0.58515625 0.39765625000000004 0.0171875 0.0171875
0 0.31015625 0.13593750000000002 0.0171875 0.015625
0 0.32421875 0.19062500000000002 0.0203125 0.0125
0 0.36171875000000003 0.2265625 0.0203125 0.015625
0 0.515625 0.19921875 0.021875000000000002 0.0234375
0 0.45546875000000003 0.37421875000000004 0.0234375 0.0203125
0 0.69921875 0.17578125 0.0171875 0.0140625
0 0.89765625 0.225 0.0171875 0.018750000000000003
0 0.7406250000000001 0.33046875000000003 0.018750000000000003 0.0171875
0 0.8640625000000001 0.44921875 0.021875000000000002 0.0171875
0 0.9906250000000001 0.33125000000000004 0.0125 0.015625
0 0.9460937500000001 0.05859375 0.0203125 0.0171875
0 0.22734375 0.3171875 0.0140625 0.015625
