0 0.2921875 0.055468750000000004 0.03125 0.029687500000000002
0 0.2765625 0.28046875 0.028125 0.0328125
0 0.39609375 0.18281250000000002 0.029687500000000002 0.043750000000000004
0 0.5546875 0.060937500000000006 0.040625 0.037500000000000006
0 0.0328125 0.26171875 0.028125 0.0328125
0 0.0625 0.58515625 0.037500000000000006 0.0328125
0 0.45156250000000003 0.45156250000000003 0.034375 0.028125
0 0.53828125 0.41171875 0.026562500000000003 0.029687500000000002
0 0.41640625000000003 0.6062500000000001 0.026562500000000003 0.037500000000000006
0 0.6890625 0.40546875000000004 0.028125 0.0390625
0 0.8375 0.13515625 0.028125 0.035937500000000004
0 0.9382812500000001 0.7328125000000001 0.035937500000000004 0.03125
0 0.58203125 0.8765625 0.0390625 0.040625
0 0.0484375 0.92734375 0.03125 0.029687500000000002
