0 0.18828125 0.109375 0.0203125 0.046875
0 0.05234375 0.2734375 0.0203125 0.046875
0 0.13359375 0.44921875 0.0234375 0.0484375
0 0.19843750000000002 0.6742187500000001 0.03125 0.0546875
0 0.36171875000000003 0.30078125 0.026562500000000003 0.035937500000000004
0 0.5609375 0.37343750000000003 0.021875000000000002 0.043750000000000004
0 0.46328125000000003 0.56640625 0.026562500000000003 0.0546875
0 0.65234375 0.63671875 0.0203125 0.051562500000000004
0 0.88984375 0.46953125 0.0203125 0.035937500000000004
0 0.8765625 0.2265625 0.018750000000000003 0.043750000000000004
0 0.6335937500000001 0.11640625 0.0203125 0.0421875
