0 0.08125 0.46406250000000004 0.021875000000000002 0.025
0 0.23515625 0.4140625 0.0234375 0.018750000000000003
0 0.29609375 0.46953125 0.0328125 0.0203125
0 0.49296875 0.4265625 0.026562500000000003 0.018750000000000003
0 0.56015625 0.4453125 0.0234375 0.025
0 0.6257812500000001 0.65625 0.0203125 0.018750000000000003
0 0.6781250000000001 0.6734375 0.028125 0.018750000000000003
0 0.7453125 0.703125 0.021875000000000002 0.021875000000000002
0 0.7875000000000001 0.7015625000000001 0.021875000000000002 0.025
0 0.775 0.74609375 0.025 0.0203125
0 0.80859375 0.74375 0.0234375 0.021875000000000002
0 0.8609375 0.7234375000000001 0.021875000000000002 0.025
