0 0.11328125 0.8500000000000001 0.0203125 0.018750000000000003
0 0.33203125 0.71484375 0.0171875 0.0203125
0 0.33515625000000004 0.8109375000000001 0.0234375 0.018750000000000003
0 0.36875 0.8812500000000001 0.03125 0.021875000000000002
0 0.52734375 0.84921875 0.026562500000000003 0.026562500000000003
0 0.63671875 0.8093750000000001 0.0171875 0.018750000000000003
0 0.55859375 0.7093750000000001 0.0171875 0.018750000000000003
0 0.6703125000000001 0.64765625 0.0125 0.0140625
0 0.7039062500000001 0.68515625 0.010937500000000001 0.010937500000000001
0 0.73203125 0.721875 0.010937500000000001 0.015625
0 0.7367187500000001 0.8250000000000001 0.026562500000000003 0.018750000000000003
0 0.8093750000000001 0.790625 0.0125 0.018750000000000003
0 0.7515625 0.9031250000000001 0.018750000000000003 0.0125
0 0.6234375000000001 0.8992187500000001 0.021875000000000002 0.0171875
