0 0.08359375000000001 0.52890625 0.0328125 0.0203125
0 0.1375 0.6578125 0.025 0.018750000000000003
0 0.043750000000000004 0.8656250000000001 0.034375 0.025
0 0.36328125 0.8656250000000001 0.0171875 0.015625
0 0.3453125 0.56171875 0.025 0.0171875
0 0.421875 0.46171875 0.03125 0.0171875
0 0.478125 0.6257812500000001 0.021875000000000002 0.0234375
0 0.6546875000000001 0.7250000000000001 0.0125 0.021875000000000002
0 0.49843750000000003 0.11953125 0.021875000000000002 0.026562500000000003
0 0.7109375 0.05078125 0.015625 0.0203125
0 0.7835937500000001 0.16484375 0.010937500000000001 0.010937500000000001
0 0.95859375 0.2515625 0.0203125 0.03125
0 0.92734375 0.38984375000000004 0.010937500000000001 0.0234375
0 0.8148437500000001 0.46484375 0.0171875 0.029687500000000002
0 0.31875000000000003 0.25859375 0.015625 0.0234375
