0 0.1171875 0.41718750000000004 0.059375000000000004 0.037500000000000006
0 0.109375 0.06484375 0.053125000000000006 0.0390625
0 0.2859375 0.13359375 0.05625 0.0390625
0 0.43984375000000003 0.06484375 0.029687500000000002 0.0171875
0 0.5109375 0.16484375 0.05 0.026562500000000003
0 0.37421875000000004 0.22890625 0.0421875 0.026562500000000003
0 0.42265625 0.3171875 0.026562500000000003 0.018750000000000003
0 0.40859375000000003 0.42578125 0.06406250000000001 0.029687500000000002
0 0.634375 0.2734375 0.05625 0.025
0 0.64453125 0.0546875 0.0328125 0.021875000000000002
0 0.7507812500000001 0.12187500000000001 0.029687500000000002 0.018750000000000003
0 0.8617187500000001 0.084375 0.0234375 0.021875000000000002
0 0.9265625000000001 0.31015625 0.043750000000000004 0.026562500000000003
0 0.94140625 0.3765625 0.045312500000000006 0.040625
0 0.77734375 0.359375 0.045312500000000006 0.03125
