0 0.02109375 0.85703125 0.0203125 0.0171875
0 0.109375 0.8796875000000001 0.015625 0.0125
0 0.11953125 0.946875 0.0171875 0.018750000000000003
0 0.3375 0.7859375000000001 0.015625 0.018750000000000003
0 0.43515625 0.63203125 0.0171875 0.029687500000000002
0 0.58203125 0.92890625 0.0171875 0.026562500000000003
0 0.4296875 0.23046875 0.046875 0.0171875
0 0.759375 0.253125 0.009375000000000001 0.021875000000000002
0 0.7328125000000001 0.4609375 0.021875000000000002 0.0125
0 0.6179687500000001 0.55234375 0.0140625 0.0171875
0 0.16640625 0.2078125 0.026562500000000003 0.037500000000000006
