0 0.12265625000000001 0.09296875 0.0203125 0.0171875
0 0.23671875 0.10390625 0.0171875 0.0171875
0 0.259375 0.2 0.018750000000000003 0.015625
0 0.37890625 0.18906250000000002 0.0171875 0.021875000000000002
0 0.41640625000000003 0.049218750000000006 0.0140625 0.0234375
0 0.034375 0.21250000000000002 0.015625 0.015625
0 0.1078125 0.32109375 0.015625 0.029687500000000002
0 0.209375 0.3203125 0.025 0.018750000000000003
0 0.24531250000000002 0.546875 0.028125 0.025
0 0.31171875000000004 0.44062500000000004 0.0234375 0.028125
0 0.384375 0.54609375 0.025 0.026562500000000003
0 0.89609375 0.56640625 0.0234375 0.0203125
0 0.43281250000000004 0.15937500000000002 0.018750000000000003 0.021875000000000002
0 0.73046875 0.153125 0.010937500000000001 0.018750000000000003
0 0.9281250000000001 0.21406250000000002 0.0125 0.015625
