0 0.12812500000000002 0.21640625000000002 0.018750000000000003 0.0171875
0 0.20078125000000002 0.321875 0.0203125 0.021875000000000002
0 0.27734375 0.3203125 0.0171875 0.018750000000000003
0 0.28828125 0.4703125 0.0234375 0.018750000000000003
0 0.32265625000000003 0.4625 0.0234375 0.015625
0 0.1765625 0.61875 0.025 0.021875000000000002
0 0.025 0.6671875 0.021875000000000002 0.021875000000000002
0 0.578125 0.7718750000000001 0.025 0.015625
0 0.7203125 0.6742187500000001 0.018750000000000003 0.0203125
0 0.09921875000000001 0.1609375 0.0203125 0.021875000000000002
0 0.13828125 0.12578125 0.0328125 0.0140625
0 0.23671875 0.0765625 0.0203125 0.018750000000000003
0 0.325 0.15234375 0.025 0.029687500000000002
0 0.5945312500000001 0.2484375 0.0203125 0.018750000000000003
0 0.828125 0.21328125 0.018750000000000003 0.0203125
0 0.7468750000000001 0.30000000000000004 0.018750000000000003 0.018750000000000003
0 0.8921875 0.11406250000000001 0.021875000000000002 0.018750000000000003
0 0.94921875 0.1234375 0.0171875 0.018750000000000003
0 0.9632812500000001 0.1328125 0.0203125 0.018750000000000003
