0 0.45625000000000004 0.5476562500000001 0.028125 0.0203125
0 0.70234375 0.5476562500000001 0.0203125 0.0234375
0 0.58046875 0.6648437500000001 0.0234375 0.0234375
0 0.73359375 0.76171875 0.0234375 0.0203125
0 0.7093750000000001 0.33046875000000003 0.028125 0.0328125
0 0.19843750000000002 0.09609375 0.03125 0.0171875
0 0.5007812500000001 0.11484375000000001 0.0421875 0.0203125
0 0.6468750000000001 0.11015625000000001 0.015625 0.0203125
0 0.9226562500000001 0.46328125000000003 0.026562500000000003 0.026562500000000003
0 0.94921875 0.6875 0.0140625 0.034375
0 0.93515625 0.9187500000000001 0.026562500000000003 0.03125
0 0.503125 0.81015625 0.03125 0.0171875
0 0.2671875 0.9359375000000001 0.018750000000000003 0.043750000000000004
