0 0.15000000000000002 0.27968750000000003 0.018750000000000003 0.037500000000000006
0 0.19765625 0.6414062500000001 0.0328125 0.0203125
0 0.41328125000000004 0.5703125 0.029687500000000002 0.03125
0 0.42578125 0.3484375 0.0171875 0.025
0 0.54453125 0.16718750000000002 0.0234375 0.021875000000000002
0 0.6984375 0.340625 0.018750000000000003 0.03125
0 0.565625 0.47109375000000003 0.018750000000000003 0.029687500000000002
0 0.91796875 0.23515625 0.0328125 0.029687500000000002
0 0.7914062500000001 0.434375 0.0203125 0.021875000000000002
0 0.8835937500000001 0.640625 0.0234375 0.021875000000000002
0 0.33515625000000004 0.74375 0.0203125 0.040625
