0 0.14765625000000002 0.2171875 0.0140625 0.018750000000000003
0 0.25078125 0.28203125 0.0234375 0.029687500000000002
0 0.17500000000000002 0.41640625000000003 0.015625 0.029687500000000002
0 0.140625 0.5398437500000001 0.0125 0.026562500000000003
0 0.2421875 0.61875 0.015625 0.034375
0 0.28046875 0.503125 0.0171875 0.021875000000000002
0 0.12109375 0.7250000000000001 0.010937500000000001 0.021875000000000002
0 0.1296875 0.8671875 0.015625 0.021875000000000002
0 0.25390625 0.846875 0.0140625 0.025
0 0.36250000000000004 0.75703125 0.015625 0.035937500000000004
0 0.37031250000000004 0.65390625 0.015625 0.0234375
0 0.5046875000000001 0.7000000000000001 0.018750000000000003 0.03125
0 0.565625 0.85546875 0.0125 0.0234375
0 0.65234375 0.7171875000000001 0.0171875 0.025
0 0.8015625000000001 0.6937500000000001 0.015625 0.03125
0 0.7742187500000001 0.8656250000000001 0.0203125 0.034375
0 0.92734375 0.8992187500000001 0.0140625 0.0203125
0 0.9554687500000001 0.7781250000000001 0.0171875 0.021875000000000002
0 0.41875 0.07187500000000001 0.018750000000000003 0.025
0 0.5789062500000001 0.034375 0.0140625 0.021875000000000002
0 0.43359375 0.26406250000000003 0.010937500000000001 0.018750000000000003
0 0.42031250000000003 0.403125 0.015625 0.025
0 0.628125 0.29140625000000003 0.021875000000000002 0.029687500000000002
0 0.7835937500000001 0.12812500000000002 0.0140625 0.021875000000000002
0 0.95703125 0.18125000000000002 0.0140625 0.025
0 0.7898437500000001 0.34765625 0.0171875 0.026562500000000003
0 0.6859375000000001 0.43515625 0.015625 0.026562500000000003
0 0.7585937500000001 0.5421875 0.0171875 0.025
0 0.9632812500000001 0.35000000000000003 0.0234375 0.034375
0 0.11640625 0.09765625 0.0171875 0.0234375
0 0.26484375 0.1125 0.0171875 0.018750000000000003
