0 0.09765625 0.15703125 0.0140625 0.0234375
0 0.07109375 0.26484375 0.0203125 0.0203125
0 0.27187500000000003 0.27890625 0.025 0.0234375
0 0.58203125 0.14453125 0.0171875 0.0203125
0 0.390625 0.38203125000000004 0.025 0.0234375
0 0.10390625 0.5203125000000001 0.0203125 0.018750000000000003
0 0.33515625000000004 0.578125 0.0203125 0.015625
0 0.51796875 0.51796875 0.0203125 0.0171875
0 0.15156250000000002 0.70234375 0.021875000000000002 0.0171875
0 0.134375 0.8718750000000001 0.018750000000000003 0.018750000000000003
0 0.29531250000000003 0.8390625 0.021875000000000002 0.021875000000000002
0 0.44843750000000004 0.703125 0.021875000000000002 0.018750000000000003
0 0.6359375 0.7828125 0.025 0.025
