0 0.12 0.144 0.064 0.024
0 0.308 0.041 0.076 0.03
0 0.371 0.223 0.082 0.03
0 0.142 0.28 0.068 0.028
0 0.839 0.215 0.078 0.062
0 0.454 0.404 0.072 0.044
0 0.167 0.522 0.062 0.076
0 0.222 0.585 0.08 0.042
0 0.054 0.523 0.052 0.034
0 0.268 0.757 0.072 0.058
0 0.066 0.882 0.1 0.068
0 0.604 0.536 0.064 0.048
0 0.392 0.625 0.084 0.042
0 0.823 0.711 0.09 0.074
0 0.724 0.914 0.076 0.06
0 0.569 0.877 0.058 0.054
0 0.405 0.911 0.07 0.05
0 0.659 0.353 0.038 0.034
0 0.692 0.494 0.016 0.044
0 0.502 0.151 0.04 0.022
