0 0.238 0.522 0.068 0.036
0 0.241 0.692 0.07 0.036
0 0.411 0.861 0.086 0.046
0 0.685 0.837 0.078 0.034
0 0.583 0.777 0.062 0.046
0 0.777 0.632 0.062 0.028
0 0.592 0.572 0.072 0.036
0 0.061 0.635 0.062 0.03
0 0.751 0.392 0.042 0.028
0 0.129 0.469 0.046 0.022
0 0.051 0.503 0.034 0.026
0 0.16 0.4 0.028 0.032
0 0.088 0.297 0.032 0.034
0 0.088 0.394 0.032 0.032
0 0.346 0.262 0.028 0.032
0 0.431 0.448 0.034 0.036
0 0.664 0.412 0.028 0.036
0 0.351 0.353 0.026 0.03
0 0.576 0.422 0.024 0.032
0 0.253 0.336 0.026 0.032
0 0.148 0.116 0.04 0.02
